"sample_names" "intercept" "PC1" "PC2" "PC3" "PC4" "PC5" "PSY2hap_1" "PSY2hap_2" "PSY2hap_3" "IDMhap_1" "IDMhap_2" "IDMhap_3" "IDMhap_4" "IDMhap_5"
"1" "IITA-TMS-IBA30572" 1 -47.1424094164889 -4.02983596755481 57.6472513466348 -27.3952040732814 7.7571615918288 1 1 0 0 0 0 1 1
"2" "IITA-TMS-IBA950925" 1 -49.8636542806795 8.10835008687171 -5.06044545354636 16.7777939898518 11.2051208355403 1 1 0 0 0 0 0 2
"3" "IITA-TMS-IBA980581" 1 -62.5642963852037 -7.93362098795576 41.7429258180457 -9.15328328401558 26.1453865902149 0 1 1 0 0 0 1 1
"4" "IITA-TMS-IBA982101" 1 -56.547392572236 -4.27742673059328 28.4620916293124 -7.75737719542554 24.6238616113412 0 0 2 0 1 0 0 1
"5" "IITA-TMS-IBA011368" 1 4.08471328846558 -23.8327691402029 66.5446805284504 19.90232431764 26.5888717711446 0 0 2 1 0 0 1 0
"6" "IITA-TMS-IBA011412" 1 -43.9143780590693 -2.9250868023542 38.5347282632164 5.26640862681916 4.04108729559866 1 0 1 0 0 1 0 1
"7" "IITA-TMS-IBA011663" 1 -37.9025788955466 4.76036067752371 -12.2486111285404 19.6369633660006 4.76402764559529 0 0 2 1 0 0 0 1
"8" "IITA-TMS-IBA990304" 1 -48.7446096922419 -3.37367507206452 46.4014201932276 -19.2178570365284 7.73262679688287 0 1 1 0 1 1 0 0
"9" "IITA-TMS-IBA000070" 1 -52.0525758655776 0.952243600417212 -16.9211263634632 -5.42122614751125 -4.26267615568369 1 0 1 0 0 0 0 2
"10" "IITA-TMS-IBA011231" 1 -35.0110620396551 0.751345336441989 -4.67251444484429 18.8163397062632 13.6654048157712 0 1 1 1 0 0 0 1
"11" "IITA-TMS-MM990214" 1 -47.9619362521827 -3.09807163252398 37.8139728324607 -17.440230358767 6.71164360397813 1 0 1 0 0 0 1 1
"12" "IITA-TMS-MM990302" 1 -39.7497810587408 -5.76148825010654 -10.7267683694485 10.220991784749 12.6226955885693 2 0 0 0 0 0 0 2
"13" "IITA-TMS-IBA020510" 1 -49.4550680354262 -1.06290458010175 49.957619013757 -10.458882875072 22.028516309051 0 1 1 1 0 0 1 0
"14" "IITA-TMS-MM972346" 1 -49.8647093659521 0.618954011536921 -18.3733343432909 7.87239410436953 -3.74417087737602 0 0 2 1 0 0 0 1
"15" "IITA-TMS-IBA051652" 1 -25.9243056717989 2.18633465495263 4.37662212312471 42.6426545897649 7.62549957343244 0 0 2 2 0 0 0 0
"16" "IITA-TMS-IBA051632" 1 -35.2798751326706 -8.887233323638 45.2062935319692 1.84694891310772 2.92121934051812 0 0 2 0 0 0 1 1
"17" "IITA-TMS-IBA051599" 1 -18.8340811479559 0.322859841051014 -2.4788319788907 21.5281871822084 4.40785062679416 0 0 2 1 0 0 0 1
"18" "IITA-TMS-IBA051601" 1 -38.0668470235571 -5.85325735460391 15.0688690092401 -2.46231933310993 15.4539665497312 0 0 2 0 1 0 0 1
"19" "IITA-TMS-IBA051814" 1 -35.1074837584667 -5.03573187876131 -1.53122387504718 12.8149122495745 -7.30717392486152 1 0 1 0 0 0 0 2
"20" "IITA-TMS-IBA050128" 1 -31.7038771663467 2.5954173519404 -21.9467573206544 1.1210869883665 1.70303932556016 0 0 2 1 0 0 0 1
"21" "IITA-TMS-ZAR010116" 1 -46.0582692071238 0.108577856628323 -10.8447668293355 9.95152625694775 -2.64092626937945 1 1 0 0 0 0 0 2
"22" "IITA-TMS-IBA030006A" 1 -59.7222212472332 -3.43019415328424 47.3056519058589 -26.6502638984222 13.9804225866323 0 2 0 0 0 0 1 1
"23" "SIMONYE" 1 -58.0818875980918 14.1938765673609 -28.0187224413825 -4.39257283808724 -4.19008301162816 2 0 0 1 0 0 0 1
"24" "IITA-TMS-IBA070910" 1 18.815362756229 34.1548441447829 -13.7045519493371 3.53859834398032 21.7440347352963 0 0 2 2 0 0 0 0
"25" "IITA-TMS-IBA070808" 1 -21.2542988817036 -9.43316759308757 49.4264731399262 1.02174391042864 16.6868408697294 0 0 2 0 0 0 1 1
"26" "IITA-TMS-IBA071378" 1 -69.2789631768802 -27.4516577247007 14.3468533867022 -44.1126288518829 -1.67436852276697 2 0 0 0 0 0 1 1
"27" "IITA-TMS-IBA071313" 1 -57.9413826896032 -23.8248080711284 18.2360523340089 -55.4412417554465 -5.48046854308024 2 0 0 0 0 0 1 1
"28" "IITA-TMS-IBA061101" 1 -28.7097098332498 6.60870725848508 -0.037190305866918 42.2807819912343 5.74293802245014 0 0 2 2 0 0 0 0
"29" "IITA-TMS-IBA061635" 1 29.2022293414691 -9.1414517890076 23.6434312021711 15.2592283533935 -22.815220206625 0 0 2 1 0 0 0 1
"30" "TMEB14" 1 -69.2201592603037 15.2693637076636 -27.1050177480279 8.14180838813435 -9.70262455991168 1 0 1 1 0 0 0 1
"31" "TMEB419" 1 -64.5085023279317 11.4254112442353 -24.7390427069032 0.562600410701661 -2.8319841599759 1 0 1 0 0 0 0 2
"32" "TMEB693" 1 -55.1759602797106 15.1872236818502 -21.5059060800106 5.22093155970613 -3.28609115948239 1 0 1 0 0 0 0 2
"33" "IITA-TMS-IBA070536" 1 -19.8272159316006 6.35810219116389 3.61242051032958 39.3354878710105 10.1649440066098 0 0 2 1 0 0 0 1
"34" "IITA-TMS-IBA082418" 1 19.7573679821662 -16.8640551717393 34.8464352146908 45.9609335118161 27.9847354199555 0 0 2 2 0 0 0 0
"35" "IITA-TMS-IBA082993" 1 -47.4466725894743 -0.474143365977951 46.8832343772828 -10.8662692326126 6.39671979954009 1 0 1 0 0 0 1 1
"36" "IITA-TMS-IBA083580" 1 -26.0162130834682 -26.192874615796 53.3475507240755 1.43155310409937 24.0385185735644 0 0 2 1 0 0 1 0
"37" "IITA-TMS-IBA083724" 1 -36.2159704850954 -5.29711997614212 42.2426198938773 -17.0270213672618 8.8781578452397 0 0 2 1 0 0 1 0
"38" "IITA-TMS-IBA090454" 1 -29.1894083222953 -9.40699798783832 57.5253134727067 -8.20061239247365 0.0818832509352999 1 0 1 1 0 0 1 0
"39" "IITA-TMS-IBA090485" 1 -46.1757794627823 -8.01475182347903 -1.21350119362421 -5.52311860053242 -8.00857714090996 1 1 0 0 0 0 0 2
"40" "IITA-TMS-IBA090576" 1 -64.2412687758039 1.75675181371494 22.437765224401 -28.5343427596269 4.04702020967511 2 0 0 1 0 0 1 0
"41" "TMS13F1153P0001" 1 -43.8114209380796 -4.3301101797237 39.5861286700137 -24.1013010145321 -8.35217750254234 2 0 0 1 0 0 1 0
"42" "TMS13F1343P0002" 1 -71.6789851419745 -15.1559597187788 30.6286099551175 -47.2219161454249 7.72339938821099 2 0 0 0 1 1 0 0
"43" "TMS13F1053P0010" 1 -66.0561245975777 2.33120437210884 37.3302202501356 -51.2365307110908 -7.93398017813344 1 1 0 0 1 1 0 0
"44" "TMS13F1343P0022" 1 -58.6239837341879 -11.1796587785849 39.0739886677096 -54.443929071238 6.32581301299359 2 0 0 0 0 0 1 1
"45" "TMS13F1053P0015" 1 -76.2786407384659 -8.16504693376056 31.4439425464008 -27.7752343365167 -2.27207909292053 2 0 0 0 0 0 1 1
"46" "TMS13F1088P0007" 1 -67.012985235345 3.22125546597579 27.9094392701993 -15.464942441614 -5.18831172410591 0 2 0 0 0 0 1 1
"47" "IITA-TMS-IBA090091" 1 2.80073704539511 -14.1339944723836 42.8000368064485 3.19679093461805 -17.9564701774892 0 0 2 1 1 0 0 0
"48" "IITA-TMS-IBA102103" 1 -16.193819162187 2.132877433403 -3.00189520118028 21.2067290568954 4.51910583768885 1 0 1 0 0 0 0 2
"49" "IITA-TMS-IBA070064" 1 -44.6357527245208 -1.31896038119766 9.53545421906722 2.03486102167474 1.36106064169004 0 0 2 0 0 0 0 2
"50" "KALESO" 1 -63.4493857883466 -0.320222084174141 23.6490794721442 -15.8058625443769 0.680509857165712 0 1 1 0 0 0 1 1
"51" "IITA-TMS-IBA085006" 1 9.71214190717413 -5.05397129234378 15.8159199294711 36.7426780938023 4.13985025493873 0 0 2 2 0 0 0 0
"52" "IITA-TMS-IBA090144" 1 17.9549639755115 35.663467895313 -15.1183389053914 3.17892973673196 21.880348704118 0 0 2 2 0 0 0 0
"53" "IITA-TMS-IBA070337" 1 -46.1757260602662 -4.53360302780341 -5.40571020384881 21.7670918925046 7.58999579572543 0 0 2 1 0 0 0 1
"54" "IITA-TMS-IBA141092" 1 46.9193892458965 66.7903611597525 -15.4077373439636 -41.4719142113962 -7.9935942913965 0 1 1 2 0 0 0 0
"55" "IITA-TMS-IBA150815" 1 14.2654664585963 -22.8964494036092 16.8803461951449 25.4505380012433 -10.6251971921447 0 0 2 1 0 0 0 1
"56" "IITA-TMS-IBA154810" 1 3.1834579581989 -56.9543030752439 -14.6413949240607 22.7714850847389 5.5675178377826 0 1 1 2 0 0 0 0
"57" "IITA-TMS-IBA160008" 1 -50.8923186467472 -22.185174045061 -36.3963119147914 -10.437165647408 -1.32794599649432 0 0 2 0 0 0 0 2
"58" "IITA-TMS-IBA164785" 1 6.99694080162107 37.6641817599891 2.00604513341672 10.0536124960755 7.14470007603693 0 0 2 2 0 0 0 0
"59" "IITA-TMS-IBA164800" 1 -5.67239121297785 -39.9015596731209 -15.7205545927994 -3.01949913785424 -27.0644014997877 0 1 1 1 0 0 0 1
"60" "IITA-TMS-IBA180067" 1 -8.10154338264333 -24.2719407202976 8.03327844400676 10.6307054088677 -26.2047759605137 2 0 0 0 0 0 0 2
"61" "IITA-TMS-IBA180081" 1 25.0960412368049 33.915004644025 -9.12774940290508 -4.52249412406474 -18.1593884110224 0 1 1 1 0 0 0 1
"62" "IITA-TMS-IBA180124" 1 10.8836531782408 -69.6745748996306 -23.1872671894623 6.10924971717382 -13.26437461148 0 0 2 2 0 0 0 0
"63" "IITA-TMS-IBA180210" 1 11.6020040467612 32.7646981848724 -13.8756654176076 3.9158609161406 18.6901831410908 0 1 1 2 0 0 0 0
"64" "IITA-TMS-IBA180278" 1 -17.110238244334 35.4163529750486 -27.9212946728925 -14.0945180472377 -11.9085027337287 1 0 1 1 0 0 0 1
"65" "IITA-TMS-IBA182926" 1 6.41564868851615 24.856812919826 -25.190248015995 -15.3627276693768 -9.81401045740105 0 2 0 1 0 0 0 1
"66" "IITA-TMS-IBA182976" 1 12.2298164428433 32.2128710805847 -3.44632301302343 16.5409740731852 8.30639942864654 0 0 2 2 0 0 0 0
"67" "IITA-TMS-IBA182986" 1 31.0221165421716 8.0015545504327 1.37519537380915 2.42168207353826 -11.5897001871838 0 0 2 0 0 0 0 2
"68" "IITA-TMS-IBA182988" 1 14.133165765518 18.4930434656959 4.87753441918467 11.8115581904664 -1.19027933919231 0 0 2 2 0 0 0 0
"69" "IITA-TMS-IBA183019" 1 32.4435964330951 27.6662888732306 1.52343493875197 -12.9207739620345 -5.79482309603278 0 1 1 1 0 0 0 1
"70" "IITA-TMS-IBA183020" 1 29.664584253509 9.13863522219975 14.0626200936446 11.5471728574282 -23.2762240838169 0 0 2 1 0 0 0 1
"71" "IITA-TMS-IBA183028" 1 34.3432944787256 32.198483006814 -4.89231867805181 -14.0488556302345 1.06114975570524 0 0 2 1 0 0 0 1
"72" "IITA-TMS-IBA183029" 1 34.4258032781231 6.15555285141026 0.614514021589707 4.60370492245089 -10.0183707783932 0 0 2 0 0 0 0 2
"73" "IITA-TMS-IBA183034" 1 18.8333908072287 27.2554292676559 -12.1939725098752 -12.449334633202 -15.7134853289445 1 0 1 2 0 0 0 0
"74" "IITA-TMS-IBA183097" 1 21.4911248159496 27.4333967716261 -6.62668840733964 -10.9593978007728 -8.48468847583242 0 1 1 1 0 0 0 1
"75" "IITA-TMS-IBA183098" 1 16.8696802102052 21.6641337226763 -9.31576796477143 -6.88641708810169 -8.94337508477721 0 1 1 1 0 0 0 1
"76" "IITA-TMS-IBA183283" 1 31.5058169153014 19.0656208691418 1.01853287636788 -5.74876320581375 -6.0628622794452 0 0 2 1 0 0 0 1
"77" "IITA-TMS-IBA183321" 1 41.9974542457531 14.9014331458284 -0.133368465798058 1.99868798623946 -7.3820132560275 0 1 1 2 0 0 0 0
"78" "IITA-TMS-IBA183376" 1 38.3419168027828 28.2121243556867 1.55863386884354 -8.93360897424536 10.0937170785474 0 1 1 2 0 0 0 0
"79" "IITA-TMS-IBA183411" 1 42.4027603090477 21.6870842140949 -6.39338512360208 -3.48169833951966 -12.574239287213 0 0 2 1 0 0 0 1
"80" "IITA-TMS-IBA183441" 1 32.6295291743038 28.2870679008055 -0.567581950907539 -0.927320423995706 -7.98974458256299 0 0 2 2 0 0 0 0
"81" "IITA-TMS-IBA183561" 1 -8.99892737743317 -13.0684797847307 -14.103812209449 4.67170799536578 -12.7710181040393 1 0 1 1 0 0 0 1
"82" "IITA-TMS-IBA190048" 1 8.39364447082253 5.32358453116059 11.4140393239251 14.9899134340782 -16.4058912441554 0 1 1 0 0 0 0 2
"83" "IITA-TMS-IBA190067" 1 2.59204973432551 23.0888418743006 -10.116893624659 -2.5710984315332 -10.622142404303 1 0 1 1 0 0 0 1
"84" "IITA-TMS-IBA190070" 1 25.9599660687673 11.0303600036505 5.66316946907094 14.8602255136691 -17.6125986183878 0 0 2 2 0 0 0 0
"85" "IITA-TMS-IBA190071" 1 18.5326642969221 19.8731646673292 19.6365072562365 16.4410599523427 -3.52527993741344 0 0 2 1 0 0 0 1
"86" "IITA-TMS-IBA190089" 1 15.6394564081623 7.21794572017901 6.74562759251712 5.01736231186704 -8.94929414473829 0 1 1 1 0 0 0 1
"87" "IITA-TMS-IBA190092" 1 0.839829150154925 -13.3127238210902 -5.21001889865925 24.5225383904062 -20.24632957696 0 0 2 1 0 0 0 1
"88" "IITA-TMS-IBA190105" 1 -4.99021291294363 -1.26128894080954 -10.0583905960481 21.383010301888 -18.5341727827602 0 1 1 1 0 0 0 1
"89" "IITA-TMS-IBA190109" 1 -0.375312111109122 7.19030700689065 5.99166065854194 31.8009251860224 -17.4745203416022 0 0 2 1 0 0 0 1
"90" "IITA-TMS-IBA190111" 1 3.45032539831847 3.88999050363787 2.10517770657501 27.9844856282071 -15.5651184014337 0 1 1 1 0 0 0 1
"91" "IITA-TMS-IBA190112" 1 15.7673536527 6.37240819522928 7.05501153626915 33.6843453512346 -18.9279017675378 0 0 2 2 0 0 0 0
"92" "IITA-TMS-IBA190115" 1 -8.13251466916915 -3.16827091367359 43.3444848199091 -4.99241978425763 -13.4668715901786 0 0 2 1 0 0 1 0
"93" "IITA-TMS-IBA190126" 1 0.631872934947544 -9.42503828771818 54.4617753312999 -1.79914549062115 7.26788662894278 0 1 1 0 0 0 1 1
"94" "IITA-TMS-IBA190128" 1 30.7956719511253 34.7036842672958 -5.22187329654331 0.0621381777962801 11.7369291499378 0 1 1 2 0 0 0 0
"95" "IITA-TMS-IBA190141" 1 27.2542068812882 -9.99386432814729 20.2398582032876 25.9405614930529 -6.47086475654857 0 0 2 1 0 0 0 1
"96" "IITA-TMS-IBA190154" 1 28.4839566277359 33.9632104229468 -5.86651633867061 -1.87012973713632 9.0719047198872 0 1 1 2 0 0 0 0
"97" "IITA-TMS-IBA190273" 1 44.8077770750453 33.6111280654755 1.39058555050434 -9.09315786585149 -8.48786638542226 0 1 1 1 0 0 0 1
"98" "IITA-TMS-IBA190283" 1 12.28737739028 29.8979319612986 -18.3501095311079 -4.81470050179476 2.59204794919088 0 0 2 2 0 0 0 0
"99" "IITA-TMS-IBA190342" 1 21.7821139194725 45.6447621671802 -4.31308656027113 -1.76971106560787 -2.90784711301163 0 0 2 2 0 0 0 0
"100" "IITA-TMS-IBA190343" 1 15.6050079691638 38.4475064192576 -9.6267917104089 -18.3803198537113 -27.3703706104155 0 0 2 1 0 0 0 1
"101" "IITA-TMS-IBA190344" 1 14.136149170988 38.3977857698691 -17.6832533835207 -17.3423286529065 7.94047783945502 0 0 2 2 0 0 0 0
"102" "IITA-TMS-IBA190346" 1 21.0028084018157 42.3087913880701 -8.22661828948915 -1.74957819879653 -1.68911842047732 0 0 2 2 0 0 0 0
"103" "IITA-TMS-IBA190370" 1 14.8364983629046 10.4551529946412 -3.3870956535381 3.30913117484822 -13.8726955077456 0 1 1 1 0 0 0 1
"104" "IITA-TMS-IBA190387" 1 -3.84834409472866 -9.78207134549479 37.122930255961 -10.1118720470226 -19.6547356077874 0 0 2 1 0 0 1 0
"105" "IITA-TMS-IBA190389" 1 33.1826287825866 35.7017088972015 -6.33602439316753 -5.50213411672201 -16.9708649076492 0 1 1 2 0 0 0 0
"106" "IITA-TMS-IBA190392" 1 0.470648839746307 -2.52223849002511 38.3715287171087 7.51733372312776 -19.1757343941565 0 1 1 1 0 0 1 0
"107" "IITA-TMS-IBA190396" 1 27.990231569785 35.5835307001421 -7.98740894402099 -0.760494681101592 -17.9709540462066 0 0 2 2 0 0 0 0
"108" "IITA-TMS-IBA190408" 1 -11.5647623225531 -12.5553711498321 -4.87610532394138 31.7027049672989 -20.6797966220724 0 0 2 1 0 0 0 1
"109" "IITA-TMS-IBA190435" 1 -30.2456836056299 -30.3080572242201 -33.2615099400294 -16.1891264078367 -10.4977919890776 0 1 1 0 0 0 0 2
"110" "IITA-TMS-IBA190442" 1 -40.3481831594628 -15.066567487088 -19.9948600113335 14.6598536232241 18.8285473586787 0 0 2 1 0 0 0 1
"111" "IITA-TMS-IBA190444" 1 -28.1086998062595 -11.3040380331321 -11.5330513896067 24.1580345689943 22.8685828827798 0 1 1 1 0 0 0 1
"112" "IITA-TMS-IBA190452" 1 24.6449006471249 -5.95031039920886 16.8956038944811 26.5601298614349 -26.5074501335473 0 0 2 1 0 0 0 1
"113" "IITA-TMS-IBA190525" 1 27.9344445824336 36.6562775230903 -7.83590220267777 -3.31068832823321 -18.486767657659 0 1 1 1 0 0 0 1
"114" "IITA-TMS-IBA190582" 1 36.5594611561911 39.0067419283426 -4.90660714932531 -7.79985917061968 -3.4681088809348 0 0 2 2 0 0 0 0
"115" "IITA-TMS-IBA190586" 1 19.1551766910924 3.08295735832988 15.5215073125338 22.7323211830712 -11.7991916059573 0 0 2 2 0 0 0 0
"116" "IITA-TMS-IBA190602" 1 9.4142100661483 12.0215289314584 4.9108701216584 21.4408574153041 -4.30363336196198 0 0 2 1 0 0 0 1
"117" "IITA-TMS-IBA190607" 1 25.5662528692901 31.7209938296958 -10.5316393077851 1.5488248318716 -11.7751395717207 0 1 1 1 0 0 0 1
"118" "IITA-TMS-IBA190630" 1 -1.38694373502082 7.94377180259856 37.4464634245226 5.44985959829914 -9.74279677058171 0 1 1 1 0 1 0 0
"119" "IITA-TMS-IBA190632" 1 9.56580398511172 2.77553914326987 1.80866901770181 24.3161348342886 -16.6534819981973 0 1 1 2 0 0 0 0
"120" "IITA-TMS-IBA190648" 1 6.23037242131477 -5.87025455129975 3.37397720059944 39.1045197177834 -25.8684128488111 0 0 2 1 0 0 0 1
"121" "IITA-TMS-IBA190649" 1 8.78307629050883 6.47483291769719 2.68476122017522 -0.341486002649458 -36.8012722593728 0 0 2 2 0 0 0 0
"122" "IITA-TMS-IBA190658" 1 24.6834492318736 31.4806219569978 -4.58775708281744 2.24476792335926 -9.34670798259475 0 0 2 2 0 0 0 0
"123" "IITA-TMS-IBA190680" 1 -18.3446219796971 -11.4843519527802 -17.6801452609076 15.8296346709548 -6.88434945240778 0 1 1 1 0 0 0 1
"124" "IITA-TMS-IBA190687" 1 -20.6140631824094 -8.05835609863999 -15.1719731999589 18.3593996711725 -5.37280576140238 0 1 1 1 0 0 0 1
"125" "IITA-TMS-IBA190712" 1 19.986094640337 31.5850145435864 23.376108866701 -23.0036759643137 -5.49816306162625 0 0 2 0 0 1 0 1
"126" "IITA-TMS-IBA200257" 1 36.7337343038063 33.8159359618579 -5.5374594230935 -2.92777189144531 -0.997020026422549 0 1 1 1 0 0 0 1
"127" "IITA-TMS-IBA200262" 1 4.51439553201765 2.44852545280795 46.3815656967393 9.52457362025816 -10.0874423189469 0 0 2 1 0 1 0 0
"128" "IITA-TMS-IBA200274" 1 32.4740014709574 37.0455184163221 -4.69336519398824 -2.60016550237295 -0.838252316041858 0 1 1 1 0 0 0 1
"129" "IITA-TMS-IBA200276" 1 -8.38941756938331 34.5358734901994 -28.2999426758945 -33.3406740250505 -6.06518029147913 2 0 0 1 0 0 0 1
"130" "IITA-TMS-IBA200277" 1 -1.07473276687948 36.7023901059039 -26.1702996944021 -18.0121247641127 4.24333280889886 1 0 1 2 0 0 0 0
"131" "IITA-TMS-IBA210002" 1 28.9342367043053 20.3895330206837 10.7411259133877 15.7799397821434 -11.8035024693576 0 1 1 2 0 0 0 0
"132" "IITA-TMS-IBA210003" 1 -0.445040975578272 3.13070975556261 12.7017384511048 18.811929754232 28.3746849702106 0 0 2 2 0 0 0 0
"133" "IITA-TMS-IBA210004" 1 29.5223264763248 -24.7002530072372 -20.2302700680803 2.32590383319121 -36.7576927836728 0 0 2 1 0 0 0 1
"134" "IITA-TMS-IBA210005" 1 3.46581244313274 6.33536874164757 -6.30343783503103 31.0107636348998 14.0839937616131 1 0 1 1 0 0 0 1
"135" "IITA-TMS-IBA210007" 1 30.2357822801873 -56.7082683519637 -13.4222653923588 -5.84091173918925 -24.6297169285713 0 0 2 2 0 0 0 0
"136" "IITA-TMS-IBA210008" 1 0.924817215173499 13.6092290739683 -13.6755569807518 20.7373761046455 23.8972964645486 1 0 1 0 0 0 0 2
"137" "IITA-TMS-IBA210012" 1 23.196515078608 -41.3161255660688 -17.5651220030275 9.08380477950882 -31.0815865625286 0 0 2 2 0 0 0 0
"138" "IITA-TMS-IBA210013" 1 -2.85671069366914 1.05056039652766 -3.00115558632739 5.93878078862797 -0.404515395772467 0 1 1 1 0 0 0 1
"139" "IITA-TMS-IBA210014" 1 -7.33598776153763 15.0783171496256 -8.09681559261331 8.79182700363691 -27.2588537847471 0 1 1 1 0 0 0 1
"140" "IITA-TMS-IBA210016" 1 -29.2186391320997 -7.12598268927736 43.8056027070737 6.71363308784368 9.8148303373779 0 1 1 0 0 0 1 1
"141" "IITA-TMS-IBA210019" 1 27.8418261857428 -9.1578425956048 -0.569020988259362 -0.934385859903418 -30.2840065655 1 0 1 1 0 0 0 1
"142" "IITA-TMS-IBA210020" 1 42.7620995191833 27.9645936331179 21.6446671729798 -46.7896395350412 0.560049328233324 0 0 2 1 1 0 0 0
"143" "IITA-TMS-IBA210021" 1 19.9629106233657 16.7193975855046 6.35840282348126 -1.98529175324953 -15.3826312564533 0 1 1 0 0 0 0 2
"144" "IITA-TMS-IBA210022" 1 -1.26017816419734 -33.0072518251218 -6.01553140823288 31.3347566375078 0.177284605683928 0 0 2 2 0 0 0 0
"145" "IITA-TMS-IBA210023" 1 -3.0302041662839 15.0413013845449 -15.883643030309 18.8274833294289 24.0360047189444 1 0 1 0 0 0 0 2
"146" "IITA-TMS-IBA210025" 1 23.5220101224343 -7.75561074923193 -1.89702842658467 0.351342635752961 -31.9524834993368 1 0 1 1 0 0 0 1
"147" "IITA-TMS-IBA210026" 1 35.5928080374542 -48.1108452557513 -2.36563387471763 11.7203360001381 -36.5798141427868 0 0 2 2 0 0 0 0
"148" "IITA-TMS-IBA210027" 1 24.8623492542255 24.7524285025971 2.35650150863735 24.4479299352918 -16.7243175160586 0 0 2 2 0 0 0 0
"149" "IITA-TMS-IBA210030" 1 -9.27908106994129 -6.11259313087789 42.0545905488769 12.8449456455329 39.7725317919285 0 1 1 1 0 0 1 0
"150" "IITA-TMS-IBA210033" 1 16.8020365557198 9.92457349906678 -0.788827759990848 19.2620243303619 -7.37699392383568 0 0 2 2 0 0 0 0
"151" "IITA-TMS-IBA210035" 1 31.6418794485771 -53.0591158172446 -7.07483424263787 8.47170115986361 16.2218856225715 0 0 2 2 0 0 0 0
"152" "IITA-TMS-IBA210040" 1 9.53031796347497 -8.85601230437137 -0.391932524323167 4.06909541392155 -25.3382180365755 1 0 1 1 0 0 0 1
"153" "IITA-TMS-IBA210044" 1 12.9479906310111 15.4781519166226 42.2919601862696 -30.22066832408 -0.995866401691973 0 2 0 0 0 0 1 1
"154" "IITA-TMS-IBA210045" 1 39.604102485256 -36.2695380117941 -15.3336395828754 -14.124655014239 -9.74033080077077 0 1 1 2 0 0 0 0
"155" "IITA-TMS-IBA210046" 1 25.2375365698671 -9.99023474928231 -3.27686445146537 -2.50018600694601 -30.795696935445 1 0 1 1 0 0 0 1
"156" "IITA-TMS-IBA210047" 1 -2.47420439481351 3.25964707461702 5.58025668446419 30.7325342582207 -10.3597872632375 0 1 1 1 0 0 0 1
"157" "IITA-TMS-IBA210048" 1 15.5301191808396 4.92412862571416 18.9443499471259 22.6367633471533 -4.46521758386075 0 1 1 1 0 0 0 1
"158" "IITA-TMS-IBA210049" 1 6.91357733006749 15.838368741829 7.90854104501492 49.4937051513037 29.9360204667773 0 0 2 2 0 0 0 0
"159" "IITA-TMS-IBA210050" 1 15.1554604477385 33.4686197182098 -14.0470043692854 5.29234684023603 19.9806166866704 0 0 2 2 0 0 0 0
"160" "IITA-TMS-IBA210055" 1 -9.6441809345703 1.77165103250831 54.936086517343 15.5749735184589 35.8327393855041 0 1 1 0 0 0 1 1
"161" "IITA-TMS-IBA210061" 1 29.4606908321327 -63.3247390212778 -14.3708789074655 -1.59939901967465 -42.5884642963991 0 0 2 2 0 0 0 0
"162" "IITA-TMS-IBA210063" 1 -6.10902770824593 15.5423900919489 -6.28228570141697 8.42801094293631 -28.5733326544946 0 1 1 1 0 0 0 1
"163" "IITA-TMS-IBA210064" 1 40.1301750328708 20.1516954772572 5.46908544746197 3.41559337733479 5.98751177234068 0 0 2 2 0 0 0 0
"164" "IITA-TMS-IBA210065" 1 21.1445629487431 14.9733354718426 14.9967729751677 34.7812147135012 20.8839150041879 0 1 1 2 0 0 0 0
"165" "IITA-TMS-IBA210069" 1 31.8831691625738 -27.6203469421495 -12.9388184706192 -0.77208636873656 -11.0119526074314 0 0 2 2 0 0 0 0
"166" "IITA-TMS-IBA210075" 1 31.1688663301891 -41.883290039823 3.9602157312499 23.7601058201825 -15.5137593604293 0 0 2 2 0 0 0 0
"167" "IITA-TMS-IBA210077" 1 40.4697933715413 21.7230330904589 -0.891661278614789 -12.0537060406874 -16.0657376100184 0 0 2 1 0 0 0 1
"168" "IITA-TMS-IBA210079" 1 11.8845956069029 16.865403243765 13.7043696686914 27.3474422235718 15.2808383673004 0 0 2 2 0 0 0 0
"169" "IITA-TMS-IBA210082" 1 31.3845313736795 22.3634280174978 4.67070722947831 3.08487828479894 11.2690166353252 0 0 2 0 0 0 0 2
"170" "IITA-TMS-IBA210083" 1 12.8489694472615 31.244823925827 3.47568586835149 0.0668216691521518 7.56934203535716 1 0 1 2 0 0 0 0
"171" "IITA-TMS-IBA210084" 1 22.2884022490574 11.6062011959983 17.264775031041 40.1316752644412 25.2289194620099 0 0 2 2 0 0 0 0
"172" "IITA-TMS-IBA210085" 1 46.308468472007 68.5594417198192 -17.0621814413556 -44.3357816957918 -4.52487773528203 0 1 1 2 0 0 0 0
"173" "IITA-TMS-IBA210089" 1 5.42428598102673 -4.99307940040507 44.199042339789 25.4281091607407 28.8732401831537 0 0 2 1 1 0 0 0
"174" "IITA-TMS-IBA210094" 1 21.7892267182664 4.64242758190849 -10.397957906989 0.496447648343559 10.3635005238416 0 0 2 1 0 0 0 1
"175" "IITA-TMS-IBA210096" 1 12.2267502972926 -4.41291493985943 -18.3824130842073 -25.5963650110557 -11.8172474255642 1 0 1 1 0 0 0 1
"176" "IITA-TMS-IBA210098" 1 21.9561787905616 14.7807678091911 -13.0359467393281 -39.2171741432823 9.14875342523447 0 0 2 2 0 0 0 0
"177" "IITA-TMS-IBA210102" 1 30.964604915878 8.21085006628347 31.9250971060306 -20.9398215643974 -19.2425758787535 0 0 2 1 1 0 0 0
"178" "IITA-TMS-IBA210103" 1 41.2890775085734 1.352360450479 -20.0756951733117 -44.3788338907509 13.8318852041363 0 0 2 2 0 0 0 0
"179" "IITA-TMS-IBA210104" 1 20.6657199525388 30.6300155584867 5.86881331281705 14.8590497787903 11.7372634694931 0 1 1 2 0 0 0 0
"180" "IITA-TMS-IBA210105" 1 19.1779279849668 -9.69408015152981 -6.09828101471819 0.343458120159416 -22.7598111687818 0 1 1 2 0 0 0 0
"181" "IITA-TMS-IBA210106" 1 23.3494050555006 -57.1686289186225 -24.7905644118443 -2.8952039828342 -0.106586491413167 0 0 2 1 0 0 0 1
"182" "IITA-TMS-IBA210110" 1 42.535086987627 21.7943856656872 1.65835445120151 -22.7745891136062 -19.6508539201489 0 0 2 2 0 0 0 0
"183" "IITA-TMS-IBA210115" 1 3.78885988731682 10.7845876191414 -16.4495387503272 29.0763443139792 29.6451789969551 0 0 2 1 0 0 0 1
"184" "IITA-TMS-IBA210116" 1 20.6337672388874 -37.888408525999 -19.8031201014451 -3.91114657637138 3.89504222719695 0 0 2 1 0 0 0 1
"185" "IITA-TMS-IBA210117" 1 21.3383893847107 -5.48496395366885 7.74637465226636 26.003843271769 -1.39185647060559 0 0 2 1 0 0 0 1
"186" "IITA-TMS-IBA210119" 1 22.5248033751256 -35.343288236692 -8.7689759838019 19.3561044499443 -36.2406657670985 0 0 2 2 0 0 0 0
"187" "IITA-TMS-IBA210120" 1 7.18878298014087 9.97811818941337 -11.6327783609246 26.1684052113352 29.8024863622699 0 0 2 1 0 0 0 1
"188" "IITA-TMS-IBA210121" 1 26.3450525820973 -77.4411185389704 -22.8506763331562 -16.8344104212382 -3.10017098955488 0 1 1 2 0 0 0 0
"189" "IITA-TMS-IBA210122" 1 23.9917661552499 -31.0903934857926 -19.7166337189203 -23.2595559827992 33.1803490558534 0 0 2 1 0 0 0 1
"190" "IITA-TMS-IBA210123" 1 37.2417051245463 -29.6149067141965 -22.3858109997602 -16.8694214223054 31.7326033765884 0 0 2 1 0 0 0 1
"191" "IITA-TMS-IBA210124" 1 19.0160744584012 -6.31689696910394 5.97798506694321 19.8288595581137 2.83308698613963 0 0 2 1 0 0 0 1
"192" "IITA-TMS-IBA210125" 1 24.9778367631702 5.744955625229 1.57972756796643 16.0895215288173 -5.77347792549113 0 0 2 2 0 0 0 0
"193" "IITA-TMS-IBA210126" 1 14.2625695858887 -16.2355004549746 46.5248505016802 -20.1726569676647 -14.3384312511534 0 0 2 1 0 0 1 0
"194" "IITA-TMS-IBA210127" 1 9.31502093957392 -65.4736428779974 -24.1918130021766 -14.533821689988 -28.4300663943051 1 0 1 1 0 0 0 1
"195" "IITA-TMS-IBA210128" 1 14.4049678081993 10.2493812942486 -9.53041391485426 18.0641309761504 8.65590695779192 0 0 2 0 0 0 0 2
"196" "IITA-TMS-IBA210132" 1 30.6128817292491 -4.01784477720027 -3.30354106753947 16.7421844462902 11.6631396903115 0 0 2 1 0 0 0 1
"197" "IITA-TMS-IBA210134" 1 11.9265020710639 -47.125654921873 33.9290132261812 2.40483172987006 -26.1730369975106 0 0 2 0 1 1 0 0
"198" "IITA-TMS-IBA210136" 1 -12.1228731375328 -64.0459840233398 18.9600356614704 -27.1298991020765 18.7698600508511 0 0 2 0 2 0 0 0
"199" "IITA-TMS-IBA210137" 1 5.32147140545919 -47.8966727937194 -8.9931403429824 36.3056865721094 -22.6578732577069 0 0 2 2 0 0 0 0
"200" "IITA-TMS-IBA210139" 1 50.1333626786001 21.6037100178392 -5.88095766896783 -27.5124420899515 -23.1399401020846 0 1 1 1 0 0 0 1
"201" "IITA-TMS-IBA210140" 1 27.7182498401399 -54.4344203243514 -17.8320548374354 3.75147221566508 -19.9457665621876 0 0 2 2 0 0 0 0
"202" "IITA-TMS-IBA210141" 1 -13.9293573872981 -30.9798882579475 -2.53175562633426 -8.01058752298214 27.0732473013421 0 0 2 0 1 0 0 1
"203" "IITA-TMS-IBA210143" 1 23.0614065136425 -35.5431648441079 -32.0446903663128 -20.3719616495868 52.4577981059796 0 0 2 1 0 0 0 1
"204" "IITA-TMS-IBA210144" 1 42.140439462261 11.9000721196214 -18.0571086208728 -27.1976507119253 25.8983711588243 0 1 1 2 0 0 0 0
"205" "IITA-TMS-IBA210145" 1 7.14387884194728 21.1757820482252 3.6192042799023 26.9150658737335 -11.1452677108666 0 0 2 2 0 0 0 0
"206" "IITA-TMS-IBA210147" 1 46.3768151831549 61.3164871716647 -9.17715733954989 -39.1468346455583 3.77452592350415 0 0 2 2 0 0 0 0
"207" "IITA-TMS-IBA210150" 1 23.2719502707354 34.6422411934959 10.9027605168176 7.10528054181791 13.8222878098675 0 0 2 2 0 0 0 0
"208" "IITA-TMS-IBA210151" 1 20.2541333396465 -2.88619527059513 6.43712020666767 17.1428736851836 -9.27821987527977 0 2 0 1 0 0 0 1
"209" "IITA-TMS-IBA210155" 1 10.56369568044 -21.4148540757506 15.6510256437967 18.1641249922342 -21.8497948847369 1 0 1 1 0 0 0 1
"210" "IITA-TMS-IBA210157" 1 27.0912337274353 -41.9273926806526 -26.5265828497392 -4.06772299700496 7.81056460610441 0 0 2 2 0 0 0 0
"211" "IITA-TMS-IBA210159" 1 32.9227202977775 -18.6062850082596 18.0198541420663 -47.4086035833571 20.9796011631339 0 1 1 1 1 0 0 0
"212" "IITA-TMS-IBA210160" 1 18.8760090612699 -36.6328191484379 -5.97132577675109 27.1261721060174 -40.396780031305 0 0 2 2 0 0 0 0
"213" "IITA-TMS-IBA210161" 1 15.0078837851404 -52.2251841602626 -34.5275048603836 8.60478520310781 2.24002804037222 0 0 2 1 0 0 0 1
"214" "IITA-TMS-IBA210162" 1 -4.31133609434282 -13.7589504064025 51.0983724864436 1.76457361309413 -12.3132507167962 0 0 2 1 0 0 1 0
"215" "IITA-TMS-IBA210163" 1 11.3257765981587 -31.0368731511309 -5.80210495792062 12.5013817674722 12.1749596235835 0 0 2 2 0 0 0 0
"216" "IITA-TMS-IBA210165" 1 46.4096961419771 66.3287603372092 -16.9831324224033 -43.840539213553 -6.49463450512714 0 1 1 2 0 0 0 0
"217" "IITA-TMS-IBA210166" 1 19.5656647721261 22.8378478637039 13.7185750759684 9.8993510092642 -13.3096324495784 0 0 2 2 0 0 0 0
"218" "IITA-TMS-IBA210167" 1 23.2731389687887 -46.1483926465922 -11.6895501991115 12.2185069814961 -20.9115868021216 0 0 2 1 0 0 0 1
"219" "IITA-TMS-IBA210169" 1 16.0808706558153 -40.6772619225034 -14.1464334125446 0.302638224673501 -10.4274158522683 0 0 2 1 0 0 0 1
"220" "IITA-TMS-IBA210173" 1 25.7180844763721 -0.431736550692932 54.8391718978779 -13.8303554604976 -2.19090683378199 0 0 2 1 0 0 1 0
"221" "IITA-TMS-IBA210175" 1 26.549652794346 13.909046720616 1.74416437681443 11.7412008065473 5.72738398933052 0 0 2 2 0 0 0 0
"222" "IITA-TMS-IBA210176" 1 16.907757485381 -5.05309975871357 -3.34478857563666 -21.5844616417056 -13.6641445510551 1 0 1 1 0 0 0 1
"223" "IITA-TMS-IBA210179" 1 37.3936462905332 4.040650393165 -22.0845434658472 -53.2216129705251 15.51031359715 0 2 0 2 0 0 0 0
"224" "IITA-TMS-IBA210180" 1 20.3667058919455 -16.2847795216329 61.7301808407177 22.3841864353363 4.99371579107243 0 0 2 0 1 1 0 0
"225" "IITA-TMS-IBA210182" 1 20.8558987808074 -9.38505485715219 -16.7486450146701 -5.01008395139739 27.1022397642504 0 1 1 1 0 0 0 1
"226" "IITA-TMS-IBA210184" 1 41.0841720527388 18.5400609662402 10.4463979501426 -1.80574694054874 -8.85488042040718 0 0 2 1 0 0 0 1
"227" "IITA-TMS-IBA210185" 1 22.0839484647244 -41.3158005160066 -23.9319908475861 -1.91619978771925 -11.7624478549938 0 1 1 2 0 0 0 0
"228" "IITA-TMS-IBA210186" 1 29.2319605616157 45.6346457985923 5.55150034391458 -15.165828660551 -20.5423349765659 0 1 1 1 0 0 0 1
"229" "IITA-TMS-IBA210187" 1 4.87002559719229 17.7897376513799 12.8520877934643 34.8689166654156 12.6909247473024 0 1 1 2 0 0 0 0
"230" "IITA-TMS-IBA210189" 1 22.9246860954865 -40.5880063029072 -26.700970332837 -4.06399806673139 -11.3737348988254 0 0 2 2 0 0 0 0
"231" "IITA-TMS-IBA210190" 1 47.3505294079541 28.3567008888329 24.0207360453039 -46.1466089224359 -23.5847261848442 0 1 1 0 1 0 0 1
"232" "IITA-TMS-IBA210191" 1 13.8231212962591 -0.575553896463862 9.5757702693881 28.7320928643973 -4.20255815426511 0 1 1 2 0 0 0 0
"233" "IITA-TMS-IBA210192" 1 41.1849027466721 -40.5754500835247 -9.67547377419827 8.29320061358158 -32.6876355909431 0 0 2 2 0 0 0 0
"234" "IITA-TMS-IBA210194" 1 8.27924249900377 32.244624058489 2.6331904467632 1.21002061977616 -15.171063905999 0 1 1 1 0 0 0 1
"235" "IITA-TMS-IBA210195" 1 -15.0990673514212 -6.78529051065813 -0.552763416259151 40.3235039937689 2.82163608002766 0 0 2 2 0 0 0 0
"236" "IITA-TMS-IBA210196" 1 -24.742313834679 0.719984190894976 3.77971379135192 27.3314575215741 14.0891489067889 0 0 2 1 0 0 0 1
"237" "IITA-TMS-IBA210197" 1 -41.1667439879527 -1.85873262761991 -7.94241424695015 35.0171765554779 15.201272166427 1 0 1 1 0 0 0 1
"238" "IITA-TMS-IBA210198" 1 8.41376980153291 -82.3060951308286 9.05020437576868 8.78439970535713 6.3186099058136 0 0 2 1 1 0 0 0
"239" "IITA-TMS-IBA210199" 1 12.2463622682534 31.9432881332164 6.55179281223419 28.3890515792478 8.00434583512206 0 0 2 2 0 0 0 0
"240" "IITA-TMS-IBA210200" 1 18.9362043986592 12.6455179100852 -18.176215686645 -2.24491788896285 13.1325637134598 0 1 1 2 0 0 0 0
"241" "IITA-TMS-IBA210201" 1 19.8575408492571 -22.5307576950211 -18.6459341297539 -12.8171060058746 -25.701655209862 0 1 1 1 0 0 0 1
"242" "IITA-TMS-IBA210202" 1 9.3637218675351 -12.0100555708259 20.2793958327645 46.9307905195439 -4.53905715977726 0 1 1 2 0 0 0 0
"243" "IITA-TMS-IBA210204" 1 17.6114864287502 8.9506492247547 13.1029097320387 24.9846046582437 22.9032876550886 0 1 1 2 0 0 0 0
"244" "IITA-TMS-IBA210206" 1 20.8141503128052 -0.46551757446748 -2.86560990082842 -0.376501949628076 -33.798803606585 0 0 2 2 0 0 0 0
"245" "IITA-TMS-IBA210207" 1 34.0536477410533 -36.0688855279334 14.6810001837313 -56.8780668481159 5.02575814663495 0 0 2 1 1 0 0 0
"246" "IITA-TMS-IBA210209" 1 7.33982401436087 8.16590358069302 -13.3047795215393 31.3464525999269 27.6941308458818 1 0 1 1 0 0 0 1
"247" "IITA-TMS-IBA210211" 1 8.31227802736606 -28.9057205712475 -7.52640775165153 -23.6267970561732 19.4941891567451 0 0 2 1 1 0 0 0
"248" "IITA-TMS-IBA210212" 1 40.1239108592144 11.0687224166883 -4.55139216567994 -30.4178279015671 7.60346648214097 0 1 1 2 0 0 0 0
"249" "IITA-TMS-IBA210213" 1 2.58825930288274 10.0489692361778 51.5578096577732 -10.2696180005768 -25.8406018418908 1 1 0 0 1 1 0 0
"250" "IITA-TMS-IBA210214" 1 30.337467096581 16.2497255824179 49.9704169484679 -4.14343175306234 0.899649311038969 0 1 1 1 0 1 0 0
"251" "IITA-TMS-IBA210215" 1 22.8728812305154 -39.5835734666583 -33.508602932713 -22.3385873152948 54.4462871010936 0 0 2 1 0 0 0 1
"252" "IITA-TMS-IBA210217" 1 6.12420164036637 8.05562908359081 -14.2382836121931 31.9862945038171 24.6688725483481 1 0 1 1 0 0 0 1
"253" "IITA-TMS-IBA210219" 1 13.7267905705066 12.5015484637595 -11.0067083811958 19.387418339039 21.1616684104857 0 1 1 1 0 0 0 1
"254" "IITA-TMS-IBA210223" 1 31.1559599955553 22.9953271975088 -1.60880209316946 7.23150538604518 0.677869929849184 0 0 2 1 0 0 0 1
"255" "IITA-TMS-IBA210224" 1 31.6015944169283 -20.9176035869898 -10.4343864899696 -47.6976557711541 15.1265618722162 0 0 2 2 0 0 0 0
"256" "IITA-TMS-IBA210227" 1 22.1374427218861 32.3559515273128 7.51750458834197 24.9834667486558 24.4293958932581 0 1 1 2 0 0 0 0
"257" "IITA-TMS-IBA210228" 1 25.5040862651066 16.8289377491189 17.4958467079073 0.619768070291748 -13.5257806288991 0 0 2 2 0 0 0 0
"258" "IITA-TMS-IBA210231" 1 35.9187780268747 -27.7112098547533 -19.3309477054593 -37.2961651230569 22.2877028294821 0 0 2 2 0 0 0 0
"259" "IITA-TMS-IBA210232" 1 12.7716741211249 -5.92779242569326 -8.86875511428488 -12.1616581212722 -40.4673952158944 0 0 2 1 0 0 0 1
"260" "IITA-TMS-IBA210233" 1 10.4307045383761 11.0491601879287 -12.6606112082187 25.2812950696993 22.4241114234746 0 0 2 1 0 0 0 1
"261" "IITA-TMS-IBA210237" 1 16.3972176729691 -22.8584980850092 18.9168653845805 3.5791456568191 20.606078154804 0 0 2 1 1 0 0 0
"262" "IITA-TMS-IBA210238" 1 12.7025013458388 -5.88886960507517 -9.83268656528169 -12.48375691292 -38.0085542161357 0 0 2 1 0 0 0 1
"263" "IITA-TMS-IBA210240" 1 22.792825650465 16.7679421493339 12.1989144820178 35.9330214124758 27.6458933659833 0 0 2 1 0 0 0 1
"264" "IITA-TMS-IBA210244" 1 23.9511640554478 -32.6086290595394 21.8988766086848 -38.9926066970517 17.8840171557328 0 0 2 0 2 0 0 0
"265" "IITA-TMS-IBA210245" 1 40.7807629936976 21.5492890950281 -0.661979187079626 -17.1545372739817 -11.2172015758981 0 1 1 2 0 0 0 0
"266" "IITA-TMS-IBA210247" 1 23.6278731455507 -51.5566708094726 6.9539929448935 -46.916807941353 -11.3886710116981 0 0 2 1 1 0 0 0
"267" "IITA-TMS-IBA210248" 1 28.391111378561 14.8306677272174 12.5551877705792 -13.9323835107639 -2.33938967395064 0 0 2 1 0 1 0 0
"268" "IITA-TMS-IBA210249" 1 -7.35003908864322 -17.7020598561206 22.678685109046 -42.7859166077246 -18.6096881315969 0 0 2 1 0 0 1 0
"269" "IITA-TMS-IBA210250" 1 6.207793092427 -39.6256267722409 -1.75663014557196 44.4169613190738 15.9849717704037 0 0 2 2 0 0 0 0
"270" "IITA-TMS-IBA210256" 1 18.4450638982368 -49.4506781594595 -20.7579577796108 6.27603454764321 -26.9864195369839 0 0 2 2 0 0 0 0
"271" "IITA-TMS-IBA210258" 1 27.0628694744576 25.8326887725771 4.90299233914268 7.37536732386768 -32.9437686481322 0 1 1 2 0 0 0 0
"272" "IITA-TMS-IBA210259" 1 36.3658746313069 33.2445398056533 4.67516820522516 -3.49208377719591 -8.02589612378122 0 0 2 2 0 0 0 0
"273" "IITA-TMS-IBA210260" 1 28.7361809864884 -66.4258945328844 -11.231889685565 12.3008417294472 5.18956474069602 0 0 2 2 0 0 0 0
"274" "IITA-TMS-IBA210261" 1 34.6898126093821 3.06766438995327 -30.5726567814886 -55.5563212850815 25.1766847970827 0 0 2 2 0 0 0 0
"275" "IITA-TMS-IBA210262" 1 39.0039887515995 17.0042437809964 -2.64647020257684 5.05685218395262 7.78671956851608 0 0 2 2 0 0 0 0
"276" "IITA-TMS-IBA210263" 1 15.5006266198983 -10.6522718704342 16.4225980473356 -3.39773479359677 -49.2486414621876 0 0 2 2 0 0 0 0
"277" "IITA-TMS-IBA210264" 1 32.9545489222251 14.6448530920941 6.54592490760247 15.265512075781 11.3657696979603 0 0 2 2 0 0 0 0
"278" "IITA-TMS-IBA210265" 1 36.7880086403546 1.87088696326303 -20.9632903707461 -41.2550608631705 23.6525850484683 0 1 1 2 0 0 0 0
"279" "IITA-TMS-IBA210267" 1 18.1887220001593 -34.9081904833328 -21.893018192224 1.52240670332696 8.52562002581976 0 0 2 2 0 0 0 0
"280" "IITA-TMS-IBA210269" 1 34.9047984049058 22.8674157261436 3.35310554001931 8.74052393575344 -0.757795774658628 0 1 1 1 0 0 0 1
"281" "IITA-TMS-IBA210270" 1 11.4729346330536 -68.7222164820777 -25.3340007577453 -14.6131244050525 -27.3477976691694 1 0 1 1 0 0 0 1
"282" "IITA-TMS-IBA210278" 1 17.8208921104497 0.222200803715213 8.07053140299961 19.7670424174757 4.46714890308216 0 0 2 2 0 0 0 0
"283" "IITA-TMS-IBA210279" 1 26.5781553228708 0.56163848561575 51.7529963913311 -18.356409328334 -22.9927548867476 0 0 2 1 0 0 1 0
"284" "IITA-TMS-IBA210280" 1 43.3218077502475 10.1898826088901 -7.02268427963998 -36.5992594312406 11.5684840953814 0 1 1 2 0 0 0 0
"285" "IITA-TMS-IBA210283" 1 35.7457235617274 -26.2321901423652 17.9764822016828 -54.262853711797 22.5874948442399 0 1 1 1 1 0 0 0
"286" "IITA-TMS-IBA210288" 1 28.2069979036557 -13.1798657628709 -11.0322364268035 -3.77699758909004 42.4402651287561 0 1 1 2 0 0 0 0
"287" "IITA-TMS-IBA210293" 1 28.972275695988 6.8321528322647 1.6004742905082 4.33171476209475 -7.00247982189817 0 0 2 1 0 0 0 1
"288" "IITA-TMS-IBA210295" 1 23.0047689121253 21.6011572091392 61.441181780549 -26.5890169923801 -24.1098114302031 0 1 1 0 1 1 0 0
"289" "IITA-TMS-IBA210296" 1 32.8984410830032 14.9216037347682 -4.26834964400428 16.6492885029874 17.9559874146083 0 0 2 2 0 0 0 0
"290" "IITA-TMS-IBA210298" 1 18.7614046913834 -53.6799832757136 -36.0066889289795 6.8878775248598 4.19845313548549 0 0 2 1 0 0 0 1
"291" "IITA-TMS-IBA210299" 1 36.4376014283383 -56.3449767264375 -11.8744687553913 1.40994208840388 -32.4806631512173 0 0 2 2 0 0 0 0
"292" "IITA-TMS-IBA210300" 1 24.8102558024006 34.6442193430427 1.42692525429872 26.2228335587698 17.6967946612291 0 0 2 2 0 0 0 0
"293" "IITA-TMS-IBA210301" 1 21.3205142182343 -5.68697875221063 4.64752892108894 2.37606012568207 21.9972759114555 0 1 1 1 0 0 0 1
"294" "IITA-TMS-IBA210303" 1 17.6171186352803 -25.4209470112624 -19.7811347699832 7.67344446931748 -9.1625969936989 0 0 2 2 0 0 0 0
"295" "IITA-TMS-IBA210304" 1 23.0161375126634 -37.4164686241712 -28.5694093222363 -19.9472309055157 46.0176438990307 0 1 1 1 0 0 0 1
"296" "IITA-TMS-IBA210306" 1 17.6435920117122 -39.470554406612 -4.27201054547946 -8.87434614712918 26.1887203690438 0 1 1 2 0 0 0 0
"297" "IITA-TMS-IBA210307" 1 42.3932646906601 -26.5789889087519 -21.0974715291515 -29.2070344859301 37.4165522075521 0 0 2 2 0 0 0 0
"298" "IITA-TMS-IBA210308" 1 -4.74689419866659 -14.3078326526427 7.09603500694867 37.6383625320764 26.059552188753 0 0 2 1 0 0 0 1
"299" "IITA-TMS-IBA210309" 1 45.0070566204468 18.4681364959291 -10.0882944328802 -30.3913749611467 18.8458263645305 0 0 2 2 0 0 0 0
"300" "IITA-TMS-IBA210310" 1 13.0851494904557 -34.6794464292267 43.4569344554549 -37.7829382787427 12.1629377698329 0 0 2 0 1 1 0 0
"301" "IITA-TMS-IBA210311" 1 40.0313041173596 -2.36381833899854 -17.5805146656486 -45.027572508878 21.2626635262874 0 0 2 2 0 0 0 0
"302" "IITA-TMS-IBA210313" 1 3.82108554798426 -7.00127421658406 8.90407433895961 29.9298188495451 21.496065822453 0 0 2 1 0 0 0 1
"303" "IITA-TMS-IBA210316" 1 37.5967697923424 25.3234627022388 -13.9632120608686 -36.9031184461983 11.1542213130391 0 0 2 2 0 0 0 0
"304" "IITA-TMS-IBA210317" 1 -0.682035569689607 -44.0517621781359 57.1976308971029 -26.1081118699474 11.5269264019534 0 0 2 0 1 0 1 0
"305" "IITA-TMS-IBA210318" 1 -6.15343435050444 -11.0476756793974 7.04077881168964 43.5650855379942 23.0675293444896 0 0 2 1 0 0 0 1
"306" "IITA-TMS-IBA210319" 1 38.4446722285752 -4.88698009850483 1.66770782594734 -4.64952496131299 36.2614259447887 0 0 2 2 0 0 0 0
"307" "IITA-TMS-IBA210320" 1 16.1239826804254 -27.2321740413748 -25.1838382142644 -7.56405530602302 27.6877952787319 1 0 1 1 0 0 0 1
"308" "IITA-TMS-IBA210324" 1 22.6567012754306 37.0990904536637 -5.35500416327079 14.1137732584933 11.6020218244645 0 0 2 1 0 0 0 1
"309" "IITA-TMS-IBA210328" 1 24.7284578408183 -21.061042441814 -33.9806753432789 -20.025223661872 37.7270658686681 0 0 2 1 0 0 0 1
"310" "IITA-TMS-IBA210329" 1 21.640341381033 -35.9463835146683 -19.2462308008664 -9.69626351033636 32.8786046276951 1 0 1 1 0 0 0 1
"311" "IITA-TMS-IBA210330" 1 20.8906481561395 -18.3548464648569 -26.4750595024358 -15.6511286354602 30.7388256610929 0 0 2 1 0 0 0 1
"312" "IITA-TMS-IBA210331" 1 34.902210156692 -5.68803706904528 -17.3991549216054 -16.6934140233291 29.1803438629964 0 0 2 1 0 0 0 1
"313" "IITA-TMS-IBA210332" 1 43.6590793144908 19.1808719810515 0.890475585109463 -27.3735654513939 14.6358216205593 0 1 1 2 0 0 0 0
"314" "IITA-TMS-IBA210333" 1 21.2825085118959 -20.9755065141501 -8.07282077880521 -13.7492798508352 42.884946086657 0 0 2 2 0 0 0 0
"315" "IITA-TMS-IBA210334" 1 23.9551748670365 -46.5556226135607 -36.1086512101507 -24.3428869519656 45.2938845714228 0 0 2 1 0 0 0 1
"316" "IITA-TMS-IBA210335" 1 -15.7692932181775 -29.4588943216674 6.50672027041966 -15.1251716619153 11.9613592087025 1 0 1 1 1 0 0 0
"317" "IITA-TMS-IBA210336" 1 2.2410420392485 8.74449836570818 -11.0135847547076 33.0640851328813 30.4417139050669 1 0 1 1 0 0 0 1
"318" "IITA-TMS-IBA210337" 1 34.7770019973577 -56.1406541073177 -14.4756280493137 0.0224725970394031 -33.8543925696996 0 0 2 2 0 0 0 0
"319" "IITA-TMS-IBA210339" 1 -14.8861339625467 -8.26068975469906 0.238787627430898 39.9389977595346 0.984429294340526 0 0 2 2 0 0 0 0
"320" "IITA-TMS-IBA210344" 1 35.7276129715316 27.2123845211632 19.9998828574553 15.1310675973873 -9.12639505511603 0 0 2 2 0 0 0 0
"321" "IITA-TMS-IBA210347" 1 26.4755088954835 13.0669994500205 8.00101112855544 4.75978511972335 -15.7821200386018 0 0 2 2 0 0 0 0
"322" "IITA-TMS-IBA210349" 1 39.2930926494137 41.4151274216432 -3.29060363742142 -7.16052926776155 8.27598955481896 0 0 2 1 0 0 0 1
"323" "IITA-TMS-IBA210351" 1 14.1015319516798 8.28311794750642 -17.8813379271634 28.5486701847394 29.5677318775045 1 0 1 1 0 0 0 1
"324" "IITA-TMS-IBA210352" 1 19.3582431872657 32.8909609014694 -4.68386706519296 0.328623559337504 2.59388828394291 0 1 1 2 0 0 0 0
"325" "IITA-TMS-IBA210353" 1 31.7905071270086 4.0458628811751 -4.22805370824474 16.8753010925316 1.04226307714714 0 0 2 2 0 0 0 0
"326" "IITA-TMS-IBA210641" 1 -73.5976044823916 22.6716357741435 -28.4036410134417 -7.21574738532127 -17.3232415122721 2 0 0 1 0 0 0 1
"327" "IITA-TMS-IBA210642" 1 -75.4240131269741 2.94116887141828 17.5923483200643 -24.4321606940683 -4.71711694343052 1 1 0 0 1 0 1 0
"328" "IITA-TMS-IBA210643" 1 -71.095167420213 14.6324946858243 -29.3061106456924 -3.2615413378105 -11.1203133200569 2 0 0 1 0 0 0 1
"329" "IITA-TMS-IBA210646" 1 -62.9010449621826 7.55810464038258 -2.03523263942854 -4.45918493514474 -11.2238673300664 1 1 0 0 0 1 0 1
"330" "IITA-TMS-IBA210653" 1 -61.653544670425 23.3673097307163 -31.2535617075893 1.57488268453827 -7.19111461333398 2 0 0 1 0 0 0 1
"331" "IITA-TMS-IBA210655" 1 -80.3724417217725 19.5323607777941 -36.0210951755399 -2.43435588776577 -6.04429518555847 2 0 0 1 0 0 0 1
"332" "IITA-TMS-IBA210656" 1 -74.5688612494295 19.4135719321193 -27.270691746426 5.84903525152296 -3.32473626093751 2 0 0 1 0 0 0 1
"333" "IITA-TMS-IBA210666" 1 -64.7570829720615 15.0312751340214 -31.7023152732146 -0.273674704369593 -13.980680824433 1 0 1 0 0 0 0 2
"334" "IITA-TMS-IBA210668" 1 -70.2161182549406 18.0501319809458 -30.4771974176123 0.330503365615157 -3.71500016517594 1 0 1 0 0 0 0 2
"335" "IITA-TMS-IBA210693" 1 -62.7623980912188 16.7048303869011 11.062250270539 -25.3302155571432 -22.9018249772883 1 1 0 0 0 1 0 1
"336" "IITA-TMS-IBA210701" 1 -71.4089696058364 11.173159569506 24.9335820166686 -27.0256132550302 -5.90346550913337 1 1 0 0 0 0 1 1
"337" "IITA-TMS-IBA210702" 1 -71.1241236004507 6.48803251234212 23.1761806354226 -21.1895606986856 -3.14553538030897 1 1 0 0 0 0 1 1
"338" "IITA-TMS-IBA210710" 1 -68.1032335974237 12.9099404916377 -12.5125731217527 -16.7962490696229 -9.26931648032206 1 1 0 0 1 0 0 1
"339" "IITA-TMS-IBA210721" 1 -64.3544910203868 23.3549059664244 -22.4787029835346 -10.0204780589784 -1.51932704126201 2 0 0 1 0 0 0 1
"340" "IITA-TMS-IBA210724" 1 -74.4774159743541 6.18319685113476 12.1176186667636 -17.2299357857878 -3.33948861528728 1 1 0 0 0 0 1 1
"341" "IITA-TMS-IBA210727" 1 -64.6922778829495 18.4175056639519 -33.2068339296003 4.95672299803656 1.35564661803334 2 0 0 2 0 0 0 0
"342" "IITA-TMS-IBA210729" 1 -72.2456150070964 16.1144472927585 -29.8327291190041 3.70064989992187 -4.13789918971921 1 0 1 1 0 0 0 1
"343" "IITA-TMS-IBA210732" 1 -75.5104569592213 11.806703836509 -15.4078668661048 -8.97609405780509 1.03222115202183 1 0 1 0 1 0 0 1
"344" "IITA-TMS-IBA210737" 1 -58.47512493882 14.474680613118 -22.9315360640183 -5.34093726000335 -17.509605920056 2 0 0 1 0 0 0 1
"345" "IITA-TMS-IBA210739" 1 -75.975671836577 13.8327505564658 22.5200608145148 -3.60353362199925 4.45019055757213 1 1 0 0 0 1 0 1
"346" "IITA-TMS-IBA210744" 1 -67.8324807789908 15.3051833906079 -33.246844598718 7.93211387266861 -16.3379766839703 0 1 1 0 0 0 0 2
"347" "IITA-TMS-IBA210749" 1 -57.6011524488194 14.4084754521159 -24.1337540670911 -8.15185136182104 -6.92486826709037 0 0 2 1 0 0 0 1
"348" "IITA-TMS-IBA210751" 1 -78.7977787498709 6.05130332515987 12.132780190776 -20.2336430308715 -8.31957305691835 1 1 0 0 0 0 1 1
"349" "IITA-TMS-IBA210776" 1 -71.9835551561751 14.6797344098135 -26.4253146128685 1.5539404098132 5.14662570523426 0 1 1 0 0 0 0 2
"350" "IITA-TMS-IBA210781" 1 -64.7716541454017 13.7228815651148 -29.8204490258128 8.63583597976241 -13.3210076197674 1 1 0 1 0 0 0 1
"351" "IITA-TMS-IBA210788" 1 -41.0795414593351 1.65487347727759 -14.9725101492578 -20.7846151813184 -17.7412047398877 0 0 2 0 0 0 0 2
"352" "IITA-TMS-IBA210791" 1 -59.3299443439182 -4.7889743033867 -28.8578217355032 -9.197912349141 -1.49671752499252 2 0 0 1 0 0 0 1
"353" "IITA-TMS-IBA210792" 1 -59.2130221428518 1.74350269131732 -4.80671295073631 -7.36753065913491 -4.22430817254729 2 0 0 1 0 1 0 0
"354" "IITA-TMS-IBA210794" 1 -26.4367414597955 -17.2049957640084 -18.4333443992761 -21.3942087672091 4.61668372495187 1 0 1 1 0 0 0 1
"355" "IITA-TMS-IBA210796" 1 -52.2716351726932 0.413185259904171 -22.5652390149571 -15.7371916713104 5.15942947961165 1 1 0 1 0 0 0 1
"356" "IITA-TMS-IBA210799" 1 -58.0779332986652 -9.05864181996755 -2.57226968172032 -28.1942568893073 -7.92916771890313 1 1 0 0 0 1 0 1
"357" "IITA-TMS-IBA210801" 1 -46.5414862454936 0.607706003654561 -29.3095256422162 10.9741527601703 -3.99270948139527 0 0 2 1 0 0 0 1
"358" "IITA-TMS-IBA210803" 1 -56.0638256249417 5.6275864944671 -30.4570367910405 -13.7667343845316 -1.05430440818996 1 1 0 0 0 0 0 2
"359" "IITA-TMS-IBA210807" 1 -47.5999540389901 3.26706570843807 -28.5405995463766 6.47155002482334 2.47357852875958 0 0 2 1 0 0 0 1
"360" "IITA-TMS-IBA210808" 1 -45.3033038007676 13.56848602583 -27.0412281272297 -2.34021747457844 10.6771673147531 0 0 2 0 0 0 0 2
"361" "IITA-TMS-IBA210815" 1 -10.7937893155999 -12.2482060814952 55.4487727677619 10.3487849297292 28.5881582706735 0 0 2 1 0 0 1 0
"362" "IITA-TMS-IBA210816" 1 -43.815275176091 1.91859082464125 -23.1914755804042 -24.1554561582702 -10.0827563768856 0 0 2 1 0 0 0 1
"363" "IITA-TMS-IBA210818" 1 -33.3850708328073 9.18917280235016 -27.8424814139178 -3.51303190170667 -4.70303399154268 1 0 1 1 0 0 0 1
"364" "IITA-TMS-IBA210821" 1 -45.3783314718364 6.25731440321422 -27.2388545587318 4.15586752469445 -3.44390122445293 1 0 1 1 0 0 0 1
"365" "IITA-TMS-IBA210824" 1 -42.6164211918816 1.29963883102602 -28.9721680073584 4.30491025783288 -1.74065330983503 1 0 1 1 0 0 0 1
"366" "IITA-TMS-IBA210828" 1 -46.1529747524405 3.63600209270574 -28.2169724804064 4.94076602151087 -0.284114947922898 1 0 1 1 0 0 0 1
"367" "IITA-TMS-IBA210830" 1 -29.1237807687219 13.1537269471572 -25.7095347340098 -0.288486213845153 0.695510051163622 2 0 0 1 0 0 0 1
"368" "IITA-TMS-IBA210832" 1 -36.8074339401272 11.1415224449499 -28.2856772154828 7.67923085373204 -1.55388155705313 1 0 1 1 0 0 0 1
"369" "IITA-TMS-IBA210834" 1 -44.9399378257555 -0.940265226588299 -2.65997268559409 7.52214007085077 5.33302646170027 1 0 1 1 1 0 0 0
"370" "IITA-TMS-IBA210838" 1 -48.3024980469588 1.48499349674322 -16.3233057306996 15.6826501456286 9.03841310560489 0 0 2 2 0 0 0 0
"371" "IITA-TMS-IBA210845" 1 -41.5446924772582 6.119396392049 -19.645458027013 7.38309147474272 0.826911258726164 0 0 2 0 0 0 0 2
"372" "IITA-TMS-IBA210849" 1 -40.7558514970563 3.21005033243919 -18.2423171050385 6.40430543350545 0.777697109300954 1 0 1 0 0 0 0 2
"373" "IITA-TMS-IBA210850" 1 -45.7722338470547 5.54777293518415 -16.2794385226365 8.68904881309882 0.377262611843917 0 0 2 1 0 0 0 1
"374" "IITA-TMS-IBA210853" 1 -30.7335531038007 5.19319709785286 -27.7738267972141 -3.69620160120618 3.20988919726696 0 0 2 0 0 0 0 2
"375" "IITA-TMS-IBA210854" 1 -54.1410217334446 1.31759815747135 2.80380997113085 17.2822604774973 -7.87491494169987 0 0 2 0 1 0 0 1
"376" "IITA-TMS-IBA210855" 1 -44.5680441211107 -12.3652555836322 -23.4307711910357 -4.54409950026792 -0.862739111197346 1 0 1 1 0 0 0 1
"377" "IITA-TMS-IBA070593" 1 16.9625598900011 33.3311927364327 -15.0333280757591 2.75007995537515 20.6652575542861 0 0 2 2 0 0 0 0
"378" "IITA-TMS-IKN130010" 1 7.34485144524019 -9.49079652568366 47.6927115777846 11.3385091042025 4.84036484423914 0 0 2 1 0 1 0 0
